Gene_ID,evlue,pro,core,iden,M1,M2,M3,M4,M5,M6,M7,M8,M9,M10,M11,NM1,NM2,NM3,NM4,NM5,NM6,NSP1,NSP2,NSP3,NSP4,NSP5,NSP6,SP1,SP2,SP3,SP4,SP5,SP6,SP7,SP8,SP9,SP10,SP11,SP12
seq_00071189,5.47e-82,D4KTD7,249.0,72.4,97,12,58,93,3,44,73,65,7,55,85,57,74,28,68,16,65,48,54,3,87,42,22,7,86,53,10,71,21,37,37,76,94,76,91
seq_00242509,7.589999999999999e-94,A0A1D8ATL6,284.0,76.8,70,17,12,79,54,86,32,8,14,61,62,7,30,77,7,6,19,26,5,15,31,68,38,35,77,53,52,84,40,94,7,98,50,6,31
seq_00312292,1.13e-56,A0A8D5JDX0,186.0,70.0,44,3,17,52,20,58,40,88,60,58,1,31,8,88,53,72,88,61,33,53,82,74,1,86,68,52,70,26,8,73,88,78,50,32,89
seq_00447959,8.119999999999999e-104,A0A5B7Y9R5,306.0,73.4,12,30,8,33,81,82,55,45,96,31,51,84,11,49,95,98,26,73,92,9,91,67,98,51,63,84,16,60,38,22,60,46,13,33,83
seq_00468451,2.3900000000000002e-29,A0A6N0HS45,108.0,85.2,90,97,71,91,58,90,87,53,85,82,79,87,100,97,71,71,19,75,37,42,68,28,13,32,16,100,52,25,20,78,94,86,3,56,22
seq_00481165,8.919999999999997e-69,A0A2D2Q4C2,221.0,71.0,79,46,96,40,31,14,70,49,76,9,97,62,90,54,16,40,69,47,54,35,29,77,96,64,12,9,92,8,92,8,66,8,63,31,2
seq_00524454,3.11e-32,D7CXU3,114.0,72.1,23,77,97,2,89,31,63,74,38,92,56,82,92,91,10,33,7,93,66,87,54,72,75,45,60,7,32,21,88,11,33,25,22,72,91
seq_00559893,1.55e-84,A0A1Q2HS51,262.0,74.8,4,52,41,29,74,48,54,86,58,51,96,21,32,50,75,5,83,33,89,95,44,18,79,26,18,52,82,73,23,48,54,89,65,24,88
seq_00579146,1.74e-27,A0A6I6JGV3,100.0,76.8,59,40,93,38,87,39,3,50,46,30,16,35,14,21,57,78,91,65,40,61,80,10,16,75,26,22,44,39,83,29,92,11,96,68,10
seq_00616423,8.990000000000001e-132,B1ZWZ0,380.0,76.4,18,26,40,64,99,48,71,5,36,81,6,66,84,35,94,62,46,11,28,54,23,41,65,87,31,29,22,34,72,44,31,99,74,70,21
seq_00676157,1.36e-60,A0A1C7AEV8,192.0,78.1,37,35,65,3,25,38,40,92,33,39,98,92,39,93,26,60,53,58,33,69,67,33,24,100,51,96,23,20,9,33,75,49,46,81,43
seq_00746281,2.9500000000000004e-107,A0A2K2FR91,315.0,71.7,54,5,64,75,87,95,80,93,87,75,28,52,70,44,70,35,55,63,36,84,53,75,19,27,37,25,59,53,34,57,51,9,33,32,73
seq_00949393,7.280000000000001e-79,G2SDQ2,241.0,79.7,65,53,67,32,57,97,71,10,53,38,24,63,29,88,18,80,87,69,89,18,8,83,22,85,91,1,80,53,61,10,73,16,53,46,43
seq_00960445,7.81e-30,K0NHA7,108.0,71.2,3,29,77,60,15,93,21,3,86,61,38,51,10,24,81,98,21,81,49,51,97,61,3,40,61,92,71,27,22,62,76,52,83,38,19
seq_00960968,0.0,K9XWA4,997.0,72.4,85,16,6,75,85,20,69,7,83,51,29,86,3,26,43,92,64,33,82,43,16,21,97,93,10,13,98,95,29,100,41,20,19,78,41
seq_01109710,1.44e-78,Q02D67,240.0,74.1,39,33,64,26,13,87,85,89,41,92,12,22,66,17,65,14,25,16,74,29,18,99,100,100,52,94,44,67,45,18,42,36,67,75,42
seq_01247568,1.06e-96,A0A1W6LKA0,294.0,74.1,60,75,94,73,97,44,84,95,54,64,47,1,63,69,16,44,56,34,91,64,31,83,97,83,28,15,50,46,12,14,12,72,85,64,94
seq_01283679,4.06e-26,A0A7G1H2I4,97.1,78.6,52,36,97,91,53,44,9,57,89,99,37,44,55,89,89,88,53,46,77,75,42,10,87,73,5,29,97,29,85,86,14,32,59,31,60
seq_03155265,5.05e-99,A0A0U2ZA24,294.0,71.6,36,89,8,33,70,69,55,80,14,86,41,29,82,59,16,87,77,73,94,70,85,25,15,11,60,8,92,15,30,6,11,57,73,8,80
seq_03202405,6.299999999999999e-43,B0BYW3,147.0,77.0,7,44,18,24,80,3,46,42,37,17,75,52,41,89,2,99,39,50,93,18,13,3,26,6,8,87,37,75,47,27,81,40,57,16,96
seq_03305140,8.59e-45,A0A6I5VK52,148.0,81.5,44,97,6,99,1,77,58,90,6,75,48,11,80,22,54,15,34,12,87,83,78,33,21,58,11,10,33,51,26,83,19,5,93,60,1
seq_03308267,1.7e-121,D7CXU3,352.0,72.0,12,36,45,5,96,78,6,95,24,53,58,79,11,23,80,60,23,17,19,46,72,91,22,45,85,56,49,33,66,71,22,24,68,24,43
seq_03317267,1.64e-38,A0A6G7VF62,133.0,73.8,40,84,96,6,34,48,68,39,46,20,51,24,42,12,79,87,7,78,9,1,20,26,12,16,67,27,35,92,36,70,20,76,32,32,25
seq_03418225,2.03e-77,M1PK67,244.0,80.7,16,43,99,44,93,42,54,40,14,78,41,48,33,2,72,74,67,30,17,13,43,90,100,38,99,3,5,29,99,61,92,83,13,92,29
seq_03662278,5.069999999999999e-95,A0A0D3LGI3,283.0,78.8,70,19,62,62,92,98,24,8,93,15,71,77,85,20,90,9,10,66,16,49,45,98,82,69,39,60,60,58,55,65,60,80,22,75,49
seq_03685683,1.05e-107,A0A193LH04,326.0,72.1,7,37,28,77,1,61,65,78,51,22,65,33,66,80,65,9,87,62,77,25,11,1,49,90,13,17,97,66,61,49,33,70,54,58,48
seq_03803321,7e-94,A0A068NUM1,280.0,70.7,14,60,37,88,89,75,66,97,23,6,96,40,11,29,32,3,62,21,21,62,24,24,14,90,23,8,62,88,57,17,47,16,28,97,14
seq_03862845,4.4e-55,D8PJK0,179.0,71.7,66,83,13,78,34,59,84,14,89,89,55,60,55,93,7,31,94,59,53,81,35,4,25,64,90,77,80,3,37,39,67,97,51,49,1
seq_04156961,8.450000000000001e-31,K0NHA7,110.0,91.1,39,80,47,25,87,89,62,38,99,88,32,65,2,27,86,78,4,62,57,45,15,66,37,2,74,50,17,60,86,15,17,32,66,16,26
seq_04262040,1.8400000000000002e-21,A0A1B4V260,84.0,71.4,15,57,81,97,25,91,90,50,18,94,36,48,41,88,61,11,58,15,21,87,2,87,12,8,100,84,64,67,65,56,21,8,35,53,30
seq_04759616,3.98e-39,A0A0F8Y8L2,132.0,85.9,99,74,53,27,66,96,43,38,23,66,90,8,68,67,85,40,88,93,67,12,69,29,3,12,84,69,12,86,26,4,22,36,66,21,8
seq_07063738,1.12e-31,A4CPM4,113.0,71.6,92,85,86,21,88,63,79,75,39,37,10,33,44,84,90,68,58,42,9,72,83,14,29,15,55,15,4,94,57,7,62,73,17,36,15
seq_07183655,1.06e-31,A0A6G6F9S2,113.0,73.2,20,56,67,69,3,23,15,43,20,5,23,69,31,66,15,77,89,62,68,94,28,32,74,98,93,13,15,31,52,24,72,72,7,67,28
seq_07314679,4.9899999999999995e-24,A0A4P8L7J5,95.9,77.0,21,25,14,77,32,96,34,86,14,46,59,52,92,72,77,57,38,85,62,28,14,64,63,67,35,2,59,23,100,61,47,62,84,30,20
seq_07332806,1.36e-85,B1ZWZ0,260.0,72.3,18,28,59,17,97,2,32,94,63,80,100,79,63,62,87,62,97,80,100,76,94,1,65,75,80,60,65,66,49,41,10,29,20,39,25
seq_07362823,2.1200000000000002e-29,A0A1Z3HI80,108.0,71.0,36,99,42,89,76,11,45,3,34,30,5,90,26,85,75,88,73,91,21,90,26,85,34,79,2,39,18,94,52,22,38,23,41,66,89
seq_07377427,1.21e-53,A0A286RE88,176.0,77.0,97,83,21,13,11,69,61,68,17,22,18,77,50,100,82,46,16,24,71,50,16,8,52,71,42,51,9,50,40,91,37,10,55,53,2
seq_07396446,4.2399999999999996e-48,A0A1L3GM89,159.0,72.1,41,49,78,20,41,11,14,8,8,58,61,23,69,23,68,1,51,72,88,78,19,60,31,82,8,34,75,42,8,50,70,2,16,54,7
seq_07435597,1.18e-41,A0LHI9,140.0,70.9,90,10,21,64,91,76,82,65,95,18,64,54,61,34,85,55,29,79,8,100,42,40,10,21,36,47,62,75,86,93,70,69,17,18,50
seq_07627392,1.4e-97,A0A286RE88,297.0,72.2,80,17,62,69,14,94,47,5,25,6,53,60,9,98,59,95,29,35,99,81,94,80,30,41,49,1,100,25,40,39,68,14,59,96,35
seq_07692079,3.75e-20,A0A6C0GVC8,79.3,79.1,18,86,31,9,29,14,26,45,97,97,48,5,51,37,87,28,17,22,75,48,80,18,54,27,77,35,6,71,57,9,65,77,64,57,2
seq_07870830,8.74e-102,A0A0D3LGI3,301.0,79.7,4,10,87,19,1,96,64,19,70,48,4,3,55,92,85,6,86,73,6,73,70,53,33,29,20,97,83,55,82,43,24,26,12,2,21
seq_07901055,6.81e-10,A0A7T0BU25,50.1,84.0,7,47,88,100,18,96,29,21,53,29,7,5,35,28,72,38,14,41,75,31,91,27,10,43,3,73,89,88,13,31,8,97,88,36,20
seq_08003190,1.0700000000000001e-97,A0A1Q2HS51,297.0,75.4,27,33,77,65,76,76,38,64,49,67,70,15,69,53,97,56,10,58,78,91,9,73,5,52,66,51,100,23,58,5,28,98,69,38,58
seq_08246081,1.92e-160,B1ZWZ0,454.0,84.1,34,66,73,12,19,23,58,37,76,40,44,2,47,76,41,19,44,63,65,85,10,23,83,44,11,83,15,6,82,44,87,25,51,55,18
seq_08257936,4.75e-179,A0A6I6JGV3,502.0,88.5,3,99,9,78,76,31,39,77,51,14,75,85,67,56,38,9,95,13,90,65,66,37,32,68,70,12,12,43,37,52,35,72,55,41,89
seq_08364891,3.61e-22,K0NHA7,86.7,79.2,44,43,23,11,83,76,62,70,83,9,100,52,13,48,43,5,25,55,38,91,35,48,69,30,11,67,78,17,42,73,57,12,84,78,17
seq_08414744,1.24e-22,A0A1C7AEV8,86.7,78.8,84,33,74,90,5,76,38,26,66,73,69,93,59,94,21,87,25,22,47,11,100,70,40,62,2,86,82,26,94,52,51,74,56,88,68
seq_08475802,1.7e-61,A0A1V0DFP4,195.0,72.3,83,6,19,99,77,60,72,9,48,19,97,47,9,72,77,44,8,72,38,28,46,72,37,47,94,41,33,28,48,38,33,98,60,5,73
seq_08560663,7.95e-90,A0A5B8XN12,278.0,70.3,52,82,60,48,12,6,98,50,62,5,69,77,50,41,53,75,84,81,24,36,23,57,64,29,19,96,76,73,62,15,31,63,71,48,43
seq_08578875,1.6500000000000001e-85,A0A1B1TM23,266.0,70.0,59,48,51,7,2,95,62,11,29,40,96,41,87,32,80,97,33,100,43,41,99,27,16,78,55,43,2,52,32,80,60,41,95,4,14
seq_08579290,1.85e-111,I0I8U8,325.0,78.7,72,79,39,51,46,29,48,90,48,44,21,45,90,67,84,100,83,3,58,74,80,98,3,21,13,85,80,48,10,74,22,48,76,87,68
seq_08582375,2.03e-95,A0A0D3LGI3,285.0,76.6,14,95,44,73,92,18,21,17,7,10,32,75,9,73,93,32,94,53,6,89,72,74,54,88,72,18,5,75,48,57,64,23,30,41,61
seq_08668797,5.72e-48,A0A6I6K473,158.0,81.9,81,40,86,48,46,44,40,13,7,71,95,100,50,86,18,92,17,30,20,16,48,13,62,56,62,25,73,63,85,48,36,75,2,55,45
seq_08702500,7.74e-54,X5DCY6,173.0,75.0,23,19,34,51,36,98,10,22,62,14,62,11,26,18,22,17,21,96,48,65,77,72,81,26,18,1,35,37,11,68,92,29,99,55,67
seq_08705194,7.33e-22,B5EFY9,85.1,71.7,1,74,48,59,98,48,65,39,95,45,98,4,51,30,84,72,60,5,43,29,42,28,27,59,77,55,67,42,66,35,42,27,14,87,15
seq_08817296,2.4400000000000003e-37,A0A1Z3HI80,130.0,71.1,76,69,96,98,69,98,86,85,2,34,58,91,97,99,94,94,60,48,19,82,62,95,7,16,46,62,22,83,9,47,58,15,90,66,58
seq_08854125,1.54e-17,Q02D67,72.0,72.5,38,68,85,46,64,50,19,87,19,69,77,65,98,70,35,53,26,23,49,74,15,98,100,7,84,98,66,86,21,24,72,11,4,58,10
seq_08917609,2.0199999999999998e-24,A0A4P6Y6W1,91.7,86.0,91,8,49,97,50,82,23,8,22,35,72,91,41,43,26,13,63,71,94,6,39,28,38,51,42,27,49,21,30,31,59,70,83,95,83
seq_08972352,8.270000000000001e-58,A0A1B4XET2,186.0,74.4,88,100,15,93,83,11,63,83,92,56,47,45,77,11,2,28,7,89,81,14,86,80,31,6,45,41,88,53,99,47,30,39,98,26,68
seq_09017314,7.82e-16,K9T1X4,67.0,86.5,19,12,95,19,50,60,46,68,16,63,69,5,60,95,11,10,19,3,59,70,15,56,9,15,36,5,66,71,13,13,26,71,60,96,72
seq_09041557,1.24e-77,A0A6I6JGV3,238.0,78.8,48,49,3,43,36,90,3,52,88,84,63,81,71,12,29,89,5,12,64,4,67,40,15,7,49,70,8,18,74,95,36,94,100,32,11
seq_09051750,6.599999999999999e-30,W0RPK1,108.0,70.5,23,58,89,70,5,9,23,24,24,25,21,64,17,99,12,3,41,28,88,23,14,41,76,10,50,46,59,37,73,69,52,66,80,100,62
seq_09082157,6.410000000000001e-31,A0A7G1H2I4,111.0,77.3,7,47,18,14,5,28,98,99,82,52,54,2,28,92,20,50,17,56,27,17,48,40,29,40,66,71,25,17,95,47,22,27,9,1,18
seq_09114348,2.2599999999999998e-114,A0A6I6K473,334.0,77.3,50,36,47,38,29,98,43,81,37,17,21,29,40,68,63,31,39,92,10,29,38,62,24,67,45,31,18,78,43,55,98,17,2,74,91
seq_09163408,7.37e-26,K9XNX3,96.3,73.8,67,68,86,72,1,85,33,90,67,14,65,97,69,87,72,24,64,29,35,33,31,60,89,100,89,70,8,47,69,81,38,91,45,8,3
seq_09343540,3.16e-66,A0A8F9XF61,207.0,73.6,94,88,88,40,80,25,61,94,35,62,27,1,7,98,53,50,42,11,42,53,89,43,78,24,59,88,64,13,34,15,31,74,8,88,11
seq_09379111,1.07e-69,A0A0D3LGI3,218.0,76.6,26,34,60,21,40,82,77,63,87,3,46,52,89,86,93,43,100,7,18,9,29,11,84,69,67,62,44,56,59,51,38,85,8,67,49
seq_09381119,4.85e-13,A0A7I7XJ73,59.3,76.5,80,87,40,82,76,73,90,66,95,27,18,64,37,58,96,74,22,32,90,71,86,26,45,44,2,34,97,92,25,38,9,49,76,32,18
seq_09443960,1.1599999999999999e-42,A0A068NUM1,143.0,72.2,53,40,50,98,41,16,61,51,32,64,8,60,100,68,79,16,10,52,70,33,15,69,51,4,71,89,86,75,19,84,66,49,69,48,94
seq_09483019,3.9800000000000004e-56,A0A6C0R9F0,180.0,75.0,81,45,50,67,4,94,69,27,49,45,23,42,76,1,71,71,87,17,72,100,48,78,14,32,29,86,89,44,86,7,94,28,62,2,49
seq_09511694,3.2299999999999997e-24,E3DIR5,91.7,80.4,38,29,16,53,84,27,28,29,81,93,53,59,74,54,28,12,91,16,78,28,52,78,66,48,4,45,32,99,65,15,95,6,66,23,4
seq_09572311,7.01e-33,Q604J9,117.0,74.0,30,40,9,59,100,73,14,20,67,53,44,48,35,28,9,76,12,87,3,38,70,24,39,77,96,51,41,85,68,63,99,86,59,53,84
seq_09585458,2.71e-13,A0A7I7S726,61.6,87.5,19,79,82,43,61,71,72,81,77,69,72,93,48,4,72,93,98,60,93,6,99,68,68,20,81,39,54,18,81,38,88,39,50,90,19
seq_09649848,1.6600000000000001e-21,A0A4U7JAQ1,83.2,74.5,39,44,36,88,63,71,39,15,36,8,64,75,70,90,55,15,69,52,86,39,44,72,59,39,55,61,78,27,99,20,86,21,83,18,94
seq_09661366,4.8299999999999995e-23,A0A5K7ZQ68,88.6,82.0,74,51,13,22,32,76,19,4,71,37,38,100,74,53,5,54,95,10,7,52,25,72,55,28,20,76,47,19,6,23,39,74,29,76,34
seq_09738869,1.59e-18,B8FJB8,74.7,72.3,37,2,16,81,9,20,58,15,23,30,76,34,67,63,16,35,53,18,34,23,37,25,45,99,39,94,42,13,57,62,5,32,75,25,16
seq_09768597,7.31e-39,E0UF20,134.0,70.8,61,34,1,70,17,10,71,79,18,22,43,99,20,30,87,72,27,81,19,50,33,98,68,74,97,86,13,62,8,15,90,75,9,34,54
seq_09783630,4.41e-83,A0A089KE77,252.0,70.7,71,95,14,91,40,62,14,20,37,96,41,67,73,78,63,16,91,46,71,53,38,89,88,79,23,54,54,74,23,73,92,26,72,22,89
seq_09801342,9.21e-46,A0A0M3QFT2,152.0,74.5,42,72,84,96,84,12,94,35,11,8,64,9,56,62,86,22,21,88,76,66,82,74,22,94,17,49,39,46,9,93,54,93,32,88,53
seq_09802131,2.35e-85,A0A193LH04,266.0,70.2,57,51,27,89,84,7,19,21,20,42,32,64,59,13,72,84,10,28,85,71,47,27,43,92,2,42,46,79,71,62,20,86,58,76,90
seq_09840479,1.24e-116,B1ZWZ0,340.0,79.1,18,92,22,80,52,88,39,57,51,86,53,75,72,80,25,82,78,54,41,58,8,23,21,69,56,88,33,54,61,81,18,85,8,34,87
seq_09871554,5.8e-19,A0A1Q2HS51,81.6,78.3,42,83,21,17,44,5,36,47,53,63,83,36,94,100,99,93,15,14,22,63,99,25,1,36,19,4,59,66,28,72,66,79,42,24,77
seq_09891551,2.94e-25,A0A0S2TF95,94.4,85.2,55,34,45,95,36,15,59,2,99,61,3,77,76,93,71,51,78,73,55,90,18,64,12,77,15,35,86,61,42,16,58,42,2,82,36
seq_09986012,1.4999999999999998e-119,Q1ITP2,350.0,71.6,63,81,96,96,34,38,78,52,1,4,72,11,39,51,33,79,5,14,60,8,41,22,72,62,97,20,99,40,13,94,31,55,8,36,68
seq_10002845,1.44e-31,I0ANK7,114.0,75.0,43,85,67,77,60,83,54,1,40,94,65,100,17,21,15,46,18,86,97,57,55,2,100,83,96,78,78,27,34,21,60,67,80,15,91
seq_10017548,5.48e-65,A0A060DNF8,210.0,71.0,72,95,1,29,61,77,51,77,83,7,63,46,100,23,97,10,27,91,65,65,16,82,61,93,89,62,91,100,38,10,64,31,28,74,91
seq_10056679,2.85e-75,A0A1B4XF53,238.0,76.5,71,51,58,14,88,81,69,56,57,56,46,90,91,7,16,49,83,49,77,51,25,76,14,12,19,55,7,54,9,99,24,61,22,82,22
seq_10150477,1.0600000000000001e-32,A0A6I6KBF9,115.0,75.8,91,92,78,85,72,39,34,90,33,24,76,86,91,73,61,60,22,24,4,66,37,84,32,36,10,78,60,78,24,51,93,7,33,48,71
seq_10157549,8.33e-41,A0A518DR51,140.0,84.6,62,10,3,49,13,62,28,66,25,19,41,94,71,90,7,49,45,84,17,55,45,28,78,71,70,88,32,67,77,64,47,17,31,11,48
seq_10233523,1.8299999999999999e-25,D5MEY7,95.5,73.4,17,13,70,96,12,42,92,40,26,14,68,70,58,93,70,68,99,32,50,98,54,96,42,90,71,93,79,26,54,81,39,38,23,12,52
seq_10342357,3.25e-47,A0A0F7KJB3,159.0,73.8,26,56,40,35,100,49,84,94,12,75,46,90,30,57,86,86,82,64,56,35,95,9,89,24,93,44,46,25,6,15,84,98,95,47,59
seq_10379027,2.9400000000000004e-66,A0A1B1N1K2,206.0,79.6,45,27,3,38,7,31,44,46,20,14,40,65,73,27,58,46,14,69,35,2,72,92,33,86,77,27,5,64,5,26,100,10,63,31,14
seq_10384982,4.45e-28,A0A5K7XN07,102.0,73.2,35,21,1,87,31,56,9,84,43,64,44,30,40,90,23,16,85,26,5,66,94,12,44,63,48,93,99,75,7,95,32,40,33,27,61
seq_10397678,6.04e-96,D7CXU3,285.0,70.9,45,39,63,18,95,59,67,28,84,28,29,83,75,64,43,61,12,44,2,71,20,30,91,1,7,3,60,38,26,73,10,12,91,13,39
seq_10500773,1.41e-17,D8PJK0,72.0,71.7,17,57,46,88,41,48,4,11,15,57,93,27,33,32,27,68,31,57,33,53,54,95,33,32,78,35,30,23,84,92,100,19,39,63,14
seq_10608834,1.62e-65,I0ANK7,211.0,70.6,12,15,23,29,71,15,68,63,74,87,59,36,35,85,98,74,46,46,97,61,47,45,100,18,1,1,16,58,44,13,46,75,98,69,37
seq_10713148,2.39e-15,E8N0Z3,65.5,70.3,14,72,50,33,84,29,96,56,61,9,69,8,79,26,100,5,43,11,21,100,44,31,60,18,17,82,70,37,2,99,90,4,16,7,61
seq_12215921,6.55e-46,A0LHI9,152.0,84.3,90,50,26,79,42,87,62,87,22,25,20,22,66,80,36,88,51,27,99,41,64,70,59,69,20,26,70,94,30,83,58,86,91,96,17
seq_12351664,2.25e-62,A0A0S2TF95,197.0,74.6,51,62,86,2,84,87,30,21,83,2,95,76,53,70,13,17,2,8,25,60,97,62,29,78,18,86,3,50,48,65,48,12,100,5,40
seq_12364413,4.91e-96,A0A2S2DH32,285.0,73.2,27,66,27,51,77,2,46,95,97,76,25,13,69,9,62,50,47,17,38,43,44,36,1,94,51,36,88,52,59,27,36,96,76,39,38
seq_12412187,4.44e-28,A0A193LH04,102.0,82.1,26,61,35,25,92,87,96,2,11,20,89,28,49,55,78,69,1,81,9,10,3,76,17,84,15,53,11,37,77,35,17,93,75,74,43
seq_12513491,6.8e-19,A0A100I4P1,75.5,80.5,28,59,39,83,90,29,11,19,83,89,43,77,4,13,6,46,33,46,33,11,33,38,20,65,89,65,36,99,31,79,13,12,96,34,71
seq_12537673,1.5100000000000002e-79,B1ZWZ0,244.0,84.3,69,6,56,94,23,28,65,93,19,64,37,25,75,91,100,28,88,81,72,55,70,87,25,97,78,32,10,19,55,54,79,14,28,40,61
seq_12544804,3.72e-25,D8PJK0,94.0,76.4,88,73,39,96,82,9,87,92,70,1,84,76,24,11,93,81,12,98,64,54,55,67,96,8,96,76,93,83,22,47,73,5,5,78,16
seq_12594961,1.7099999999999994e-68,A0A6C0R9F0,213.0,81.6,58,66,74,24,63,77,39,99,45,5,55,24,75,80,82,39,92,18,78,4,35,98,30,1,3,81,60,48,16,58,40,42,65,26,66
seq_12604976,1.6e-148,B1ZWZ0,424.0,78.0,95,25,24,23,77,40,55,7,64,16,96,96,25,29,19,20,39,35,20,87,84,24,47,61,51,33,50,81,59,37,48,73,62,77,40
seq_12656699,4.829999999999999e-131,I0I8U8,376.0,74.9,91,25,100,40,4,19,81,39,59,77,67,67,96,58,1,67,6,12,20,6,30,71,87,68,20,44,62,73,62,57,100,47,62,90,23
seq_12723168,1.49e-36,A0A7G8BCQ8,127.0,73.4,82,17,90,11,79,87,70,83,78,2,46,81,28,48,36,32,31,47,36,48,62,97,83,92,25,1,41,92,10,5,29,76,55,6,72
seq_12740231,1.43e-159,A0LHI9,453.0,72.5,73,72,20,82,5,95,69,35,7,19,67,82,95,18,64,41,92,20,2,60,48,19,49,68,36,100,82,62,57,36,97,57,77,61,50
seq_12776715,1.5499999999999998e-48,A0A7U6GJF1,163.0,71.0,40,58,99,72,75,51,78,100,31,49,92,25,32,66,38,36,70,85,56,64,31,92,34,6,91,23,87,74,73,54,66,98,23,38,83
seq_12781307,1.0799999999999999e-23,A5V0X2,89.7,75.5,93,63,3,91,67,38,42,34,93,99,69,70,3,30,99,10,89,36,71,100,55,18,39,21,57,86,1,87,14,48,64,4,33,59,87
seq_12799682,3.51e-42,A0A6M8B9K2,144.0,71.9,99,49,80,46,84,94,94,99,23,15,28,97,31,32,19,43,71,34,94,45,25,70,14,13,75,87,92,44,73,79,94,92,47,57,49
seq_12838786,9.3e-246,A0A0D3LGI3,679.0,76.4,38,35,66,23,88,56,97,32,29,39,64,89,72,4,16,2,59,47,58,13,91,65,51,7,73,32,19,43,61,66,51,65,55,98,96
seq_12868934,1.1100000000000001e-125,A0A385T1L5,363.0,75.2,98,7,84,82,96,19,23,74,66,30,44,90,18,69,18,31,70,36,11,82,31,57,13,19,36,50,61,84,13,31,72,87,5,100,30
seq_12873154,2.04e-218,A0A6I6JGV3,608.0,70.0,44,34,76,90,47,56,41,13,56,23,7,32,11,64,77,46,25,40,29,81,97,1,7,2,36,15,60,81,37,10,69,33,40,45,8
seq_12878746,3.33e-20,A0A7T0BU25,80.5,74.5,33,96,34,28,18,63,58,80,25,67,18,15,51,42,82,1,66,25,95,27,81,83,5,42,75,61,67,78,49,47,42,22,9,40,50
seq_12888633,9.93e-97,A0A1R3T564,288.0,70.2,43,17,25,21,18,28,45,53,68,88,73,72,44,35,40,95,70,78,67,44,72,39,2,69,83,94,31,63,12,63,61,98,35,56,15
seq_12920069,7.42e-33,A0A7U6GK89,116.0,71.4,91,78,58,80,67,67,97,25,81,93,62,68,94,74,33,33,73,46,85,5,63,74,36,91,87,60,85,60,58,5,43,64,81,34,71
seq_12956110,6.14e-68,A0A385BNY0,214.0,85.2,1,80,99,65,28,95,55,86,83,90,34,95,81,24,70,40,91,49,29,26,94,31,43,33,13,97,61,94,30,33,42,46,49,50,13
seq_13006542,1.55e-80,A0A068NUM1,244.0,70.8,58,13,54,87,16,97,77,100,64,69,96,4,39,90,33,15,71,96,77,21,65,14,22,19,24,61,63,29,61,56,33,21,93,16,47
seq_13633502,1.1e-16,K0NHA7,73.2,72.7,15,65,53,53,30,70,73,45,35,32,18,76,42,65,18,53,44,74,31,43,89,35,86,87,96,66,84,55,55,55,50,86,85,88,85
seq_13769893,4.87e-20,E8U483,79.0,81.0,57,42,21,87,45,61,84,55,11,51,7,95,90,52,25,24,58,48,93,46,62,72,95,34,22,8,66,77,71,17,50,97,62,75,74
seq_14134938,3.4e-24,I0I4C5,91.3,70.4,46,77,65,49,55,96,96,60,38,85,48,100,69,52,88,16,21,93,14,1,95,19,78,8,11,47,56,86,4,52,100,20,65,17,17
seq_15348328,4.39e-59,E8U483,187.0,72.2,4,34,9,61,89,2,90,15,100,88,58,42,27,12,69,35,27,93,63,26,77,27,36,23,9,18,15,48,59,5,93,81,11,96,28
seq_16176646,1.55e-107,D4KTD7,316.0,70.4,48,53,43,75,55,27,29,70,80,84,64,51,69,53,71,27,9,100,73,89,71,3,70,80,33,88,69,95,93,79,33,68,98,14,39
seq_16274245,9.57e-20,A0A0S2TF95,78.2,77.8,28,89,65,71,14,49,95,38,17,2,85,3,64,82,44,40,89,100,73,73,10,100,36,64,94,61,15,10,41,29,31,5,7,53,15
seq_17267249,8.58e-25,S6AAY3,92.8,88.7,9,86,93,89,88,80,18,31,40,82,78,68,84,46,60,92,3,73,69,21,88,31,38,35,3,25,41,84,62,17,26,64,32,69,98
seq_17319268,9.28e-24,A0A2S1YRD4,91.3,71.4,11,72,26,77,33,85,3,97,55,8,44,37,48,44,39,10,27,28,90,25,76,95,27,80,8,46,66,100,6,84,55,93,19,25,7
seq_17376429,1.04e-97,I0I8U8,288.0,81.0,48,50,83,75,28,83,59,99,21,97,83,95,8,1,48,68,28,20,75,52,16,36,90,50,17,9,3,63,100,80,12,1,34,16,91
seq_17394690,0.0,A0A1Z4VTD2,1277.0,74.4,4,91,98,26,40,56,12,83,75,93,90,22,1,80,2,45,96,20,21,28,56,83,92,75,40,64,66,58,45,80,70,88,85,8,50
seq_17417447,5.54e-101,I3Z540,298.0,75.9,29,91,15,5,77,78,33,65,40,70,65,5,31,16,32,13,21,85,31,53,61,71,63,70,13,57,87,57,79,2,84,32,66,63,28
seq_17429675,0.0,A0A0M3QFT2,907.0,76.3,99,59,88,50,14,46,31,73,97,74,32,83,82,30,25,30,16,48,94,53,35,65,87,66,20,31,49,43,96,90,89,83,38,67,67
seq_17522131,3.8399999999999998e-180,I0I8U8,503.0,78.4,43,83,55,27,17,15,18,35,86,68,99,41,36,59,44,81,96,33,28,98,27,43,18,96,90,36,80,15,59,81,47,34,49,14,92
seq_17550098,1.76e-37,A0A1B4XF53,130.0,73.5,23,61,35,21,11,30,5,35,64,56,66,41,84,81,16,33,84,76,25,24,3,35,96,18,79,82,87,76,70,89,52,62,47,44,47
seq_17554496,4.859999999999997e-69,F4C0Q8,219.0,70.5,27,82,68,5,61,8,64,71,68,55,81,38,64,93,4,61,58,94,32,67,24,10,54,95,30,36,55,15,29,1,12,25,84,27,46
seq_17669793,7.769999999999999e-24,I3Y7P1,90.9,70.7,12,56,97,38,47,51,54,73,63,80,73,13,8,86,85,59,23,73,91,1,75,97,68,5,95,30,32,60,60,45,99,77,82,94,56
seq_17679420,1.25e-56,E8N0Z3,185.0,73.9,7,5,40,97,40,15,11,57,61,94,19,58,53,1,45,19,95,58,11,47,84,68,67,28,74,92,100,87,43,60,49,16,80,58,49
seq_17726072,4.7000000000000004e-29,A1BAE9,105.0,73.8,88,90,77,24,88,89,20,21,75,55,89,99,71,17,10,53,34,8,93,56,29,52,66,54,11,60,69,42,42,66,35,74,95,51,29
seq_17739729,2.56e-16,Q3SH80,68.2,82.9,76,38,11,79,66,96,29,36,6,6,83,78,18,91,57,72,97,8,79,91,97,4,54,34,36,100,10,79,72,23,55,93,78,69,78
seq_17829156,2.5400000000000004e-72,A0A5K7YJB7,230.0,74.8,15,15,28,86,49,73,89,1,29,30,40,81,65,18,68,23,81,84,78,80,54,2,72,4,92,24,96,48,15,43,76,78,19,91,54
seq_17875782,4.92e-59,A0A068NUM1,187.0,71.8,11,48,16,49,45,48,27,85,69,21,49,28,42,94,68,22,44,68,84,97,57,83,85,19,64,12,97,24,96,27,73,91,47,79,40
seq_17878293,1.1399999999999999e-23,E8U483,90.1,70.2,20,74,1,9,16,18,31,93,80,63,57,38,35,76,25,3,70,52,5,19,19,30,85,76,100,48,87,98,62,1,69,66,24,95,41
seq_17940483,6.69e-90,A0A5K7YJB7,278.0,76.8,22,75,28,82,67,68,54,93,95,21,73,85,27,83,68,87,97,15,33,12,3,46,85,90,74,84,45,36,27,61,66,22,57,63,51
seq_18025285,2.01e-11,A0A2N5CUN9,60.1,71.4,61,93,82,34,6,99,29,99,53,2,56,41,43,60,19,8,11,9,85,68,12,56,16,70,39,70,82,52,39,34,60,72,14,44,98
seq_18064629,7.340000000000001e-73,A0A3Q8X9F5,224.0,73.3,30,3,66,99,3,87,64,32,42,51,95,12,5,29,49,53,66,17,100,91,77,62,52,46,28,82,33,35,100,20,27,21,76,91,89
seq_18102271,1.13e-22,X5DCY6,86.7,83.0,78,28,91,15,56,21,98,52,28,83,42,87,89,34,95,46,28,40,42,82,29,15,15,17,25,31,46,43,87,41,28,35,88,99,33
seq_18112177,8.27e-55,I3YEU1,181.0,73.9,17,3,42,74,72,67,30,40,72,41,60,74,51,78,82,8,54,36,37,73,66,1,15,31,52,29,48,93,40,68,47,93,41,58,31
seq_18131044,1e-133,A0A3Q8X9F5,384.0,71.4,80,6,54,1,85,3,80,41,95,37,32,26,95,79,3,16,68,83,62,22,42,91,45,30,2,31,98,24,48,11,98,39,92,68,73
seq_18185951,2.0499999999999998e-91,A0A809RTU5,282.0,77.5,78,5,25,68,42,44,9,1,13,47,8,44,51,69,55,86,37,43,40,8,14,28,58,16,36,66,8,46,16,60,47,75,33,61,84
seq_18200369,1.6e-28,C1A848,103.0,82.1,47,34,46,24,73,55,53,82,59,37,25,52,88,80,70,24,70,82,15,88,94,8,27,87,39,85,21,65,39,70,18,44,96,22,39
seq_18252239,2.22e-89,A0A1B1N1K2,267.0,72.3,7,38,7,52,98,82,31,15,21,50,89,28,4,90,6,85,45,37,50,43,91,60,63,40,57,15,97,3,55,19,84,30,76,61,45
seq_18264157,1.03e-20,A0A316GBE2,80.9,80.0,44,24,69,40,45,81,11,19,2,80,77,5,33,30,72,76,17,61,68,65,73,32,23,38,54,75,51,65,31,65,96,85,13,73,9
seq_18309170,5.15e-28,A0A1Q2HS51,111.0,71.4,69,71,74,54,4,98,25,12,75,45,41,28,5,25,61,75,38,26,16,91,17,98,91,70,29,65,42,64,40,96,3,78,69,72,45
seq_18333166,4.14e-74,A0A0A1H972,235.0,72.0,97,52,16,5,18,40,59,4,22,67,10,17,77,78,87,81,8,26,22,28,56,56,50,80,38,60,33,84,30,54,40,94,26,80,80
seq_18386125,2.88e-91,A0A5B7Y9R5,273.0,73.4,39,46,80,92,46,37,54,15,2,34,4,67,87,85,59,56,41,3,24,18,51,20,32,76,8,78,3,15,57,62,66,26,82,48,61
seq_18525027,2.4100000000000003e-73,A0A7G8BCQ8,233.0,79.5,69,10,46,96,93,66,38,45,13,28,15,33,89,62,60,77,60,23,85,28,63,58,93,25,64,63,54,99,57,76,78,85,38,22,70
seq_18555706,1.1e-35,K0NHA7,124.0,90.3,28,98,90,97,11,41,44,11,71,96,9,18,48,83,35,88,62,3,20,67,91,72,58,29,55,29,97,54,47,74,68,29,6,18,4
seq_18565857,2.88e-29,B1ZN36,112.0,76.1,41,36,2,61,55,64,73,47,93,49,38,55,33,27,45,33,54,71,91,63,67,74,18,40,99,49,75,70,99,97,6,20,77,74,53
seq_18653073,4.01e-81,B1ZWZ0,250.0,83.6,43,29,88,67,94,63,96,88,30,48,54,43,56,60,59,23,17,4,76,78,33,87,70,93,94,19,3,77,62,81,2,60,86,44,20
seq_18697700,1.62e-120,A0A0U2ZA24,350.0,74.1,55,36,72,63,98,85,9,37,66,9,24,25,27,26,97,58,99,22,20,57,20,36,52,10,81,25,29,25,23,10,71,35,7,51,48
seq_18714515,2.01e-39,U5X0J2,135.0,86.3,75,26,72,13,63,6,45,50,37,74,82,85,55,42,42,46,57,8,29,77,45,67,55,37,34,60,89,66,35,64,16,28,3,6,6
seq_18727959,1.19e-17,A0A1Q2HS51,75.1,76.2,51,81,92,98,5,88,3,25,39,99,83,19,98,5,78,99,66,77,55,28,76,48,51,71,85,15,31,20,78,62,60,33,25,24,63
seq_18801535,1.98e-39,A0A5B7TPQ3,134.0,85.1,26,77,40,37,15,36,68,81,86,10,80,66,10,72,51,39,78,46,21,6,34,33,92,8,81,93,93,86,15,57,59,33,96,55,21
seq_18937138,2.64e-284,B1ZWZ0,781.0,71.5,59,82,30,89,22,79,39,51,53,24,17,73,23,37,84,7,8,48,73,54,35,42,61,89,52,75,33,87,16,7,4,65,26,17,69
seq_18954108,5.43e-33,A0A286RE88,122.0,76.1,53,87,80,32,79,100,38,56,79,84,74,78,15,64,20,65,9,35,24,10,50,49,21,19,54,86,42,78,93,38,52,30,66,81,53
seq_18983465,3.21e-108,B0BYW3,327.0,74.1,81,14,55,22,76,96,62,50,23,23,47,53,33,32,48,91,20,81,99,31,23,96,73,32,21,63,15,28,77,88,35,62,84,53,12
seq_19051579,3.1e-95,A0A1Z4VTD2,296.0,79.8,45,7,55,94,2,73,72,65,14,32,89,15,36,23,89,42,80,30,9,30,8,100,26,21,15,80,15,32,48,43,56,81,85,33,83
seq_19067885,6.5200000000000005e-37,F8FE91,127.0,78.6,96,37,98,82,19,59,6,22,51,54,55,66,55,60,45,23,95,36,6,31,33,7,39,90,60,85,52,61,62,80,26,8,82,36,49
seq_19202434,8.680000000000001e-26,A0A060DNF8,98.6,72.1,11,80,64,50,100,29,41,37,3,95,63,13,47,19,73,92,100,7,94,37,85,38,61,71,59,23,66,10,100,60,46,40,67,32,70
seq_19257741,2.02e-28,A0A1Z4VTG6,103.0,91.2,97,23,56,97,90,27,35,13,41,61,38,14,20,43,72,49,79,87,33,21,33,19,92,91,34,6,84,21,80,85,52,51,51,73,87
seq_19260249,1.4e-73,Q02D67,227.0,76.9,15,73,45,83,41,91,65,2,12,48,93,26,9,29,26,29,50,43,84,13,100,76,24,85,28,28,8,65,58,25,71,56,22,47,47
seq_19370318,1.65e-45,B0BYW3,155.0,71.3,69,49,72,45,46,66,70,31,91,34,61,86,55,95,53,22,77,20,7,10,55,50,14,72,84,81,44,23,12,39,40,70,83,46,10
seq_19456956,6.7e-100,A0A8A7KBH1,295.0,75.7,50,91,64,62,32,59,74,94,41,7,76,23,78,96,97,2,81,82,82,97,24,35,49,29,74,34,22,64,74,35,13,27,11,70,57
seq_19479167,7.62e-30,A0A290QNV0,111.0,74.0,98,6,19,79,66,83,62,49,69,21,34,89,94,92,1,56,58,13,97,57,1,21,64,39,26,88,47,9,70,80,26,27,26,70,35
seq_19596346,2.7599999999999995e-23,A0A1B4XF53,88.6,72.2,25,78,74,84,92,19,57,57,46,15,4,7,59,17,25,35,65,49,70,22,12,56,16,10,19,10,72,37,34,95,71,61,72,77,54
seq_19657262,1.7e-131,A0LHI9,380.0,72.8,32,69,29,40,58,81,98,14,7,73,75,63,58,7,88,77,24,48,35,89,79,22,71,58,39,69,71,20,81,58,93,27,96,74,81
seq_19745205,2.56e-309,A0A1C7AEV8,846.0,73.9,33,28,28,3,39,33,18,44,3,85,94,70,53,96,92,56,46,34,27,93,83,92,72,86,37,22,35,62,57,21,57,59,28,8,73
seq_19790941,2.72e-33,A0A1Q2HS51,118.0,73.3,83,37,1,50,26,90,94,91,6,85,72,43,81,74,64,68,19,2,94,43,91,27,65,100,33,13,69,40,16,60,83,13,29,62,81
seq_19855957,1.55e-176,A0A2R3Z7G5,500.0,79.8,98,29,41,99,43,58,70,14,83,60,69,36,90,61,60,68,2,31,99,70,66,10,63,66,64,86,93,55,91,84,17,87,51,53,22
seq_19888408,6.44e-93,B1ZWZ0,278.0,73.4,36,52,84,92,71,37,38,77,33,64,83,49,62,42,48,86,11,35,19,35,50,53,90,65,14,91,89,47,10,6,45,46,89,81,64
seq_19959037,7.53e-36,K0NHA7,125.0,85.3,87,72,66,74,1,56,12,45,18,24,58,57,18,84,85,1,19,60,73,12,54,93,36,29,65,57,30,25,7,57,63,9,49,28,73
seq_19963927,8.5e-84,W0RPK1,254.0,74.1,57,9,66,37,35,15,41,35,65,63,81,13,32,75,60,29,66,76,75,15,75,43,24,36,93,69,60,16,52,2,91,7,48,53,90
seq_19992649,3.46e-24,A0A0S2TF95,91.3,78.2,93,57,60,18,22,79,75,91,47,14,57,90,57,28,89,87,39,43,49,66,31,58,33,69,2,66,14,6,78,43,68,20,7,51,37
seq_20042515,1.04e-48,L0GXG1,164.0,71.2,5,36,27,15,38,16,37,83,86,48,21,35,50,94,75,74,47,94,89,85,79,78,6,14,48,80,5,12,98,60,77,78,16,7,59
seq_20052229,1.1299999999999999e-67,A0A7I7KBX3,217.0,70.8,62,23,4,78,47,49,67,54,56,10,51,13,13,12,40,52,68,78,66,45,53,95,27,24,44,32,54,93,63,27,38,79,44,88,34
seq_20136173,3.37e-55,L0GQH0,182.0,72.0,70,25,35,63,10,52,19,61,43,49,6,92,3,37,30,35,57,5,54,64,73,63,90,62,89,12,56,63,59,49,6,76,99,99,59
seq_20154845,3.93e-36,A0A1Z4VTD2,126.0,71.1,98,46,40,8,68,25,28,30,1,29,33,19,17,9,93,63,68,50,61,91,49,52,55,90,41,97,42,26,56,90,20,39,67,19,38
seq_20207862,6.57e-29,A8ZVV0,104.0,75.4,39,51,83,5,64,51,2,7,36,16,54,3,85,58,29,47,88,97,2,34,2,40,81,15,89,97,9,35,82,60,89,47,65,26,14
seq_20226445,7.55e-121,A0A1D8ATN8,350.0,73.6,50,32,46,3,2,77,34,43,93,93,64,51,6,56,49,40,27,45,92,65,29,38,39,23,38,12,96,28,67,29,56,84,87,54,84
seq_20274199,1.03e-61,S6ABC1,200.0,73.2,28,97,59,31,55,16,2,78,65,22,27,10,79,39,82,28,15,47,67,91,100,98,53,8,67,41,25,5,18,9,20,54,35,83,5
seq_20313183,7.339999999999999e-23,A0A143B588,87.4,76.9,98,69,17,78,60,20,18,35,21,28,99,47,44,76,99,15,8,60,55,46,33,85,90,49,82,8,73,44,41,42,54,1,98,65,3
seq_20373851,2.49e-100,A0A7G1H2I4,300.0,70.9,70,67,61,40,67,10,12,4,36,17,93,30,47,35,29,90,82,66,61,1,93,78,10,93,17,87,12,69,11,68,62,17,47,39,86
seq_20378770,6.33e-133,B1ZN40,389.0,70.3,20,83,79,31,8,20,62,70,6,42,30,55,89,13,53,18,4,17,27,95,61,6,11,82,46,96,98,92,25,43,69,21,70,6,67
seq_20472050,1.47e-29,A0A8D5AKB2,107.0,70.4,99,88,31,82,88,44,100,76,64,47,54,12,3,14,34,52,72,43,46,81,79,95,30,50,14,31,37,50,20,60,35,74,86,39,26
seq_20515792,1.34e-124,A0A8F9XF61,359.0,82.3,15,4,36,73,61,73,57,53,29,13,68,61,88,69,80,90,26,82,35,2,1,58,46,78,24,26,11,54,98,37,74,79,92,58,98
seq_20594412,0.0,A0A6N0HS45,1221.0,70.8,26,31,4,73,65,38,61,92,81,43,5,35,34,31,79,93,86,99,91,25,95,78,63,19,44,60,23,81,30,15,8,37,9,100,30
seq_20603635,3.08e-46,I0ANK7,156.0,72.2,95,66,99,42,6,85,1,51,73,93,97,37,64,66,32,82,26,93,4,73,66,37,71,90,77,47,51,1,36,63,39,44,26,69,58
seq_20934773,3.75e-43,F4KXM1,144.0,82.3,43,4,25,46,55,24,20,88,84,27,52,9,57,66,7,71,6,81,9,95,52,19,44,68,1,75,47,12,54,29,91,89,60,36,62
seq_21077002,1.3699999999999998e-240,A4CJN1,662.0,81.7,57,97,24,40,76,56,23,31,17,92,5,90,89,99,67,42,11,83,70,51,49,9,62,57,34,61,56,71,82,58,77,24,91,5,31
seq_21164181,1.37e-49,A0A5B7TPQ3,162.0,76.3,55,29,31,22,32,100,79,60,72,77,71,89,16,11,53,71,28,78,28,5,44,61,99,13,83,62,28,79,9,83,23,93,92,16,55
seq_21265824,3.62e-148,I3YAP7,432.0,79.4,27,21,15,60,76,65,64,98,81,8,84,34,71,19,21,61,27,67,78,25,40,63,71,22,4,77,98,76,3,58,100,66,71,53,74
seq_21344493,2.86e-99,A4CJN1,295.0,73.5,6,94,97,12,61,20,48,83,65,14,94,25,83,84,46,14,42,32,56,30,3,1,86,70,51,10,84,75,10,37,92,40,92,71,25
seq_21428111,0.0,K9XWA4,938.0,72.2,59,39,59,43,24,57,32,86,7,54,94,29,4,99,34,26,3,3,29,49,81,70,57,4,44,28,88,15,77,18,94,4,60,85,39
seq_21526181,1.85e-20,A0A1D8ATN8,82.8,73.6,77,14,17,19,95,80,25,68,34,44,43,65,14,6,82,26,98,9,76,22,34,42,42,57,59,96,26,19,60,18,59,68,7,69,1
seq_21571828,1.61e-23,A0A1Z4VTD2,89.4,70.4,92,46,30,4,7,33,32,12,60,67,67,45,55,99,73,4,51,83,85,64,26,80,74,16,12,23,3,5,5,57,58,1,37,29,100
seq_21572537,4.81e-92,K9TTR0,283.0,74.1,83,24,85,83,79,18,7,71,82,88,23,53,44,88,15,5,37,9,38,35,67,29,74,68,82,83,39,73,31,43,86,42,95,99,38
seq_21614267,1.0600000000000001e-21,A0A518C5R1,84.0,76.9,83,25,33,82,25,90,9,74,91,82,52,68,7,62,85,63,49,16,100,4,57,48,32,100,36,2,79,57,86,20,1,11,19,13,21
seq_21619945,3.12e-123,Q02D67,357.0,75.9,56,10,99,47,2,58,92,53,10,14,76,95,69,40,13,16,70,70,89,42,57,65,57,44,16,90,9,48,17,5,79,7,21,11,56
seq_21672159,3e-20,A0A1L3GM89,79.7,81.4,32,71,58,62,24,41,92,34,9,37,62,3,46,60,28,51,43,17,58,32,90,3,53,16,66,84,90,45,95,79,46,70,13,65,26
seq_21672847,1.16e-18,K0NHA7,75.1,78.0,74,6,23,45,94,32,57,59,67,93,25,93,45,19,3,20,56,40,32,26,40,25,83,74,49,49,100,67,11,2,15,30,7,62,92
seq_21786671,6.67e-28,A0A060DNF8,103.0,73.1,23,45,58,38,31,66,79,16,27,27,16,55,1,52,75,67,44,13,96,96,74,89,39,98,73,60,58,58,50,20,22,84,90,42,29
seq_21799721,2.03e-26,A0A807N426,99.8,72.1,22,8,34,38,93,69,30,97,99,92,89,26,97,64,95,41,28,15,34,53,59,50,3,36,93,59,27,68,15,36,60,72,56,20,39
seq_21817494,3.08e-66,A0A7S7NUX8,210.0,79.5,25,14,58,54,78,38,31,70,12,40,16,55,64,90,45,49,20,32,48,80,15,87,90,5,34,6,61,15,24,40,12,97,53,73,53
seq_21955454,2.76e-94,Q2LWY5,287.0,71.4,39,88,60,100,24,65,13,12,43,56,47,40,84,88,99,79,83,93,41,77,10,6,36,52,63,98,42,36,11,93,35,81,18,57,81
seq_21993720,1.8900000000000001e-75,A0A0X8CQC3,231.0,70.5,40,21,75,8,32,4,60,16,48,73,79,78,7,35,6,54,84,56,54,99,43,61,34,61,70,83,93,92,95,73,17,92,17,4,62
seq_22111413,4.64e-59,G2SDQ2,187.0,81.4,51,88,51,96,18,68,5,69,56,75,11,24,94,95,91,98,36,24,39,51,98,12,19,27,10,24,19,84,11,1,90,84,36,73,24
seq_22111414,2.01e-68,A0A0D3LGI3,213.0,75.4,58,42,5,78,86,49,95,26,82,55,13,64,33,95,76,66,75,28,18,58,24,15,70,43,57,23,5,29,70,69,46,20,36,24,44
seq_22164887,1.72e-80,B1ZN36,250.0,71.5,26,96,43,44,64,75,65,36,26,12,76,65,76,84,100,57,34,3,86,25,98,82,77,89,67,96,3,50,44,96,52,67,64,66,42
seq_22181114,1.66e-86,A0A0S2TF95,262.0,73.1,89,12,84,5,82,26,87,75,83,51,86,91,77,1,13,12,93,59,88,39,68,93,63,99,69,77,79,82,64,45,73,71,19,38,14
seq_22183984,1.1599999999999999e-28,A0A2Z5MPD0,104.0,74.6,84,56,99,96,75,60,35,75,23,92,72,44,16,72,26,2,22,59,83,10,63,83,89,27,41,28,33,65,75,37,13,53,9,35,42
seq_22188804,2e-25,D8PJK0,95.5,76.3,22,94,70,29,63,41,22,85,57,17,67,73,96,74,30,63,62,86,62,91,53,37,87,67,51,39,62,19,55,83,8,36,61,81,15
seq_22199193,4.1e-83,A0A1W6LKA0,258.0,77.1,56,1,98,4,85,27,71,51,9,66,32,22,91,40,28,77,68,53,6,26,13,52,68,99,86,46,94,52,1,27,77,96,65,21,58
seq_22224943,3.99e-19,D5C2H9,76.3,77.8,22,16,62,54,100,23,93,88,70,88,25,95,5,54,100,27,76,88,14,65,46,76,59,63,20,52,96,8,91,60,6,97,92,15,32
seq_22234573,1.04e-39,A0A1J0LJA6,135.0,75.3,15,18,38,95,48,10,88,52,67,76,24,29,37,69,58,51,52,30,95,81,71,82,99,39,31,100,6,40,31,56,89,96,99,85,84
seq_22237699,1.62e-30,A0A143B588,109.0,83.6,62,6,7,66,73,28,64,70,15,26,6,9,26,7,98,75,96,12,48,78,7,93,34,12,32,16,22,92,53,95,72,82,82,6,83
seq_22239065,7.979999999999999e-52,A0LHI9,168.0,76.2,19,26,99,97,56,89,38,97,11,93,3,28,23,69,91,89,5,99,84,96,48,1,63,46,37,24,33,60,56,78,34,71,55,64,81
seq_22269264,6.13e-78,Q39RY9,246.0,72.9,41,62,96,16,41,16,11,49,1,69,90,2,95,81,81,22,80,7,59,30,92,20,19,15,88,95,40,22,42,87,2,59,9,19,42
seq_22306575,7.27e-106,A0A8F9XF61,310.0,79.4,27,13,25,26,48,19,45,85,52,98,20,79,33,99,47,22,19,45,37,12,55,3,92,92,50,94,62,24,43,8,95,59,24,91,44
seq_22332505,2.4799999999999997e-23,A0A1C7AEV8,88.6,78.8,20,55,29,49,36,29,69,51,77,21,6,55,62,32,1,4,45,63,31,3,46,92,87,9,34,93,14,94,98,43,32,93,97,16,67
seq_22407513,2.19e-99,G2SDQ2,295.0,81.0,43,35,91,2,89,81,69,28,55,56,37,92,41,77,78,80,45,69,71,33,24,52,57,57,37,56,26,81,80,72,99,9,74,98,38
seq_22443082,6.91e-135,I0I8V3,386.0,74.8,28,95,3,43,15,38,43,58,75,37,63,64,83,8,3,24,14,59,34,61,100,60,69,9,7,12,63,78,13,78,47,80,34,21,58
seq_22619830,5.32e-51,A0A6C0RBM0,166.0,77.8,96,95,59,41,44,48,78,67,56,89,21,9,19,58,45,76,32,53,68,61,56,1,17,65,11,24,79,79,36,75,34,88,86,96,44
seq_22778901,4.4e-68,D4KTD7,212.0,73.2,3,82,69,63,11,14,18,61,13,68,92,43,57,59,83,45,29,88,78,89,30,75,65,33,97,92,42,46,30,43,67,66,54,85,19
seq_22817771,2.93e-115,A0A385T1L5,336.0,71.4,69,96,61,79,12,97,85,79,84,6,67,73,64,100,70,13,5,87,3,25,14,97,24,44,19,17,22,81,66,53,51,56,59,67,15
seq_22831884,1.67e-92,A0A6I6K473,276.0,70.1,90,6,42,86,4,88,39,17,97,21,7,6,62,11,13,99,28,65,59,84,28,4,4,62,83,2,12,4,96,56,82,4,47,72,74
seq_22835131,1.0099999999999999e-106,B1ZWZ0,314.0,83.1,60,95,87,69,18,97,71,68,49,21,26,90,16,99,8,2,43,87,44,39,6,48,56,97,90,55,21,58,11,99,71,55,6,18,37
seq_22935838,2.14e-148,X5D7V5,421.0,91.4,47,90,25,66,25,82,11,4,6,80,20,84,65,71,40,18,4,84,78,99,51,46,40,54,50,12,81,78,33,2,30,59,3,4,18
seq_22979868,3.64e-151,A0A1V0DFP4,431.0,71.5,94,12,27,70,76,72,13,88,29,55,37,24,24,5,31,84,2,65,67,10,93,12,24,34,3,23,43,59,43,19,86,27,2,88,63
seq_23034160,3.33e-14,A0A7S8FAK8,62.4,73.0,74,5,55,16,93,73,97,18,79,25,74,84,9,14,53,85,20,35,89,55,72,63,58,94,74,62,96,92,62,4,84,12,75,90,26
